OccurId	ProgId	ParaID	PathID	StartRow	EndRow	StartCol	EndCol	SourceType	StmtInfo	ResourceType	ResourceID
262	1	0	1	11	11	20	27	1	2	5	1	
1	1	0	1	10	10	8	32	1	2	183	1	
2	1	0	1	13	13	8	22	1	2	183	2	
256	1	0	1	79	79	8	27	1	2	183	3	
257	1	0	1	80	273	8	25	1	2	10	1	
48	1	0	3	0	0	0	0	0	2	13	1	
136	1	0	4	0	0	0	0	0	2	13	2	
160	1	0	5	0	0	0	0	0	2	13	3	
170	1	0	6	0	0	0	0	0	2	13	4	
3	1	0	1	15	15	9	23	1	2	4	1	
4	1	0	1	16	17	12	66	1	2	4	2	
5	1	0	1	18	18	12	49	1	2	4	3	
6	1	0	1	19	19	12	49	1	2	4	4	
7	1	0	1	20	20	12	49	1	2	4	5	
8	1	0	1	21	21	12	46	1	2	4	6	
9	1	0	1	22	22	12	57	1	2	4	7	
10	1	0	1	23	23	12	55	1	2	4	8	
11	1	0	1	24	24	8	53	1	2	4	9	
12	1	0	1	25	25	8	53	1	2	4	10	
13	1	0	1	26	26	8	68	1	2	4	11	
14	1	0	1	27	27	8	61	1	2	4	12	
15	1	0	1	28	28	8	64	1	2	4	13	
16	1	0	1	29	29	8	63	1	2	4	14	
17	1	0	1	30	30	8	63	1	2	4	15	
18	1	0	1	31	31	8	22	1	2	4	16	
19	1	0	1	32	32	12	63	1	2	4	17	
20	1	0	1	33	33	12	63	1	2	4	18	
21	1	0	1	34	34	12	63	1	2	4	19	
22	1	0	1	35	35	12	68	1	2	4	20	
23	1	0	1	36	36	12	27	1	2	4	21	
24	1	0	1	37	37	14	65	1	2	4	22	
25	1	0	1	38	38	14	64	1	2	4	23	
26	1	0	1	39	39	14	65	1	2	4	24	
27	1	0	1	40	40	14	64	1	2	4	25	
28	1	0	1	41	41	14	63	1	2	4	26	
29	1	0	1	42	42	14	68	1	2	4	27	
30	1	0	1	43	43	14	64	1	2	4	28	
31	1	0	1	44	44	8	21	1	2	4	29	
32	1	0	1	45	45	12	49	1	2	4	30	
33	1	0	1	46	46	12	49	1	2	4	31	
34	1	0	1	47	47	12	50	1	2	4	32	
35	1	0	1	48	48	12	50	1	2	4	33	
36	1	0	1	49	49	12	49	1	2	4	34	
37	1	0	1	50	50	12	46	1	2	4	35	
38	1	0	1	51	51	12	53	1	2	4	36	
39	1	0	1	52	52	8	25	1	2	4	37	
40	1	0	1	53	53	12	68	1	2	4	38	
41	1	0	1	54	54	12	63	1	2	4	39	
42	1	0	1	55	55	8	67	1	2	4	40	
43	1	0	1	56	56	8	67	1	2	4	41	
44	1	0	1	57	57	8	61	1	2	4	42	
45	1	0	1	58	58	8	32	1	2	4	43	
46	1	0	1	59	59	12	65	1	2	4	44	
47	1	0	1	60	60	12	64	1	2	4	45	
49	1	0	3	29	29	8	30	2	2	4	46	
50	1	0	3	30	30	12	65	2	2	4	47	
51	1	0	3	31	31	12	65	2	2	4	48	
52	1	0	3	32	32	12	65	2	2	4	49	
53	1	0	3	33	33	12	65	2	2	4	50	
54	1	0	3	34	34	12	65	2	2	4	51	
55	1	0	3	35	35	12	67	2	2	4	52	
56	1	0	3	36	36	12	66	2	2	4	53	
57	1	0	3	37	37	12	66	2	2	4	54	
58	1	0	3	38	38	12	66	2	2	4	55	
59	1	0	3	39	39	12	66	2	2	4	56	
60	1	0	3	40	40	12	67	2	2	4	57	
61	1	0	3	41	41	12	66	2	2	4	58	
62	1	0	3	42	42	12	65	2	2	4	59	
63	1	0	3	44	44	8	25	2	2	4	60	
64	1	0	3	45	45	12	50	2	2	4	61	
65	1	0	3	46	46	12	50	2	2	4	62	
66	1	0	3	47	47	12	50	2	2	4	63	
67	1	0	3	48	48	12	50	2	2	4	64	
68	1	0	3	49	49	12	49	2	2	4	65	
69	1	0	3	50	50	12	49	2	2	4	66	
70	1	0	3	51	51	12	50	2	2	4	67	
71	1	0	3	52	52	12	50	2	2	4	68	
72	1	0	3	53	53	12	51	2	2	4	69	
73	1	0	3	55	55	8	23	2	2	4	70	
74	1	0	3	56	56	12	46	2	2	4	71	
75	1	0	3	57	57	12	50	2	2	4	72	
76	1	0	3	58	58	12	33	2	2	4	73	
77	1	0	3	59	59	15	50	2	2	4	74	
78	1	0	3	60	60	15	50	2	2	4	75	
79	1	0	3	61	61	15	50	2	2	4	76	
80	1	0	3	62	62	15	50	2	2	4	77	
81	1	0	3	63	63	15	50	2	2	4	78	
82	1	0	3	64	64	15	49	2	2	4	79	
83	1	0	3	66	66	8	26	2	2	4	80	
84	1	0	3	67	67	12	31	2	2	4	81	
85	1	0	3	68	68	15	47	2	2	4	82	
86	1	0	3	69	69	15	47	2	2	4	83	
87	1	0	3	70	70	15	47	2	2	4	84	
88	1	0	3	71	71	15	51	2	2	4	85	
89	1	0	3	72	72	15	50	2	2	4	86	
90	1	0	3	73	73	15	50	2	2	4	87	
91	1	0	3	74	74	15	51	2	2	4	88	
92	1	0	3	75	75	12	54	2	2	4	89	
93	1	0	3	77	77	8	22	2	2	4	90	
94	1	0	3	78	78	12	50	2	2	4	91	
95	1	0	3	79	79	12	49	2	2	4	92	
96	1	0	3	80	80	12	49	2	2	4	93	
97	1	0	3	81	81	12	50	2	2	4	94	
98	1	0	3	82	82	12	49	2	2	4	95	
99	1	0	3	83	83	12	49	2	2	4	96	
100	1	0	3	85	85	8	22	2	2	4	97	
101	1	0	3	86	86	12	50	2	2	4	98	
102	1	0	3	87	87	12	50	2	2	4	99	
103	1	0	3	88	88	12	49	2	2	4	100	
104	1	0	3	89	89	12	49	2	2	4	101	
105	1	0	3	90	90	12	49	2	2	4	102	
106	1	0	3	91	91	12	49	2	2	4	103	
107	1	0	3	92	92	12	50	2	2	4	104	
108	1	0	3	93	93	12	49	2	2	4	105	
109	1	0	3	94	94	12	49	2	2	4	106	
110	1	0	3	96	96	8	27	2	2	4	107	
111	1	0	3	97	97	12	51	2	2	4	108	
112	1	0	3	98	98	12	49	2	2	4	109	
113	1	0	3	99	99	12	50	2	2	4	110	
114	1	0	3	100	100	12	50	2	2	4	111	
115	1	0	3	101	101	12	51	2	2	4	112	
116	1	0	3	102	102	12	51	2	2	4	113	
117	1	0	3	103	103	12	49	2	2	4	114	
118	1	0	3	104	104	12	49	2	2	4	115	
119	1	0	3	105	105	12	49	2	2	4	116	
120	1	0	3	106	106	12	49	2	2	4	117	
121	1	0	3	107	107	12	49	2	2	4	118	
122	1	0	3	108	108	12	49	2	2	4	119	
123	1	0	3	109	109	12	49	2	2	4	120	
124	1	0	3	110	110	12	49	2	2	4	121	
125	1	0	3	111	111	12	49	2	2	4	122	
126	1	0	3	112	112	12	51	2	2	4	123	
127	1	0	3	114	114	8	22	2	2	4	124	
128	1	0	3	115	115	12	50	2	2	4	125	
129	1	0	3	116	116	12	50	2	2	4	126	
130	1	0	3	117	117	12	49	2	2	4	127	
131	1	0	3	118	118	12	49	2	2	4	128	
132	1	0	3	119	119	12	51	2	2	4	129	
133	1	0	3	120	120	12	51	2	2	4	130	
134	1	0	1	62	62	8	29	1	2	4	131	
135	1	0	1	63	63	12	52	1	2	4	132	
137	1	0	4	1	1	9	18	3	2	4	133	
138	1	0	4	2	2	13	37	3	2	4	134	
139	1	0	4	3	3	13	45	3	2	4	135	
140	1	0	4	4	4	13	45	3	2	4	136	
141	1	0	4	5	5	13	24	3	2	4	137	
142	1	0	4	6	6	16	45	3	2	4	138	
143	1	0	4	7	7	16	38	3	2	4	139	
144	1	0	4	8	8	13	37	3	2	4	140	
145	1	0	4	9	10	13	45	3	2	4	141	
146	1	0	4	11	11	13	24	3	2	4	142	
147	1	0	4	12	12	16	34	3	2	4	143	
148	1	0	4	13	13	16	34	3	2	4	144	
149	1	0	4	14	14	16	34	3	2	4	145	
150	1	0	4	15	15	16	34	3	2	4	146	
151	1	0	4	16	16	16	34	3	2	4	147	
152	1	0	4	17	17	16	34	3	2	4	148	
153	1	0	4	18	18	16	34	3	2	4	149	
154	1	0	4	19	19	23	41	3	2	4	150	
155	1	0	4	20	20	20	30	3	2	4	151	
156	1	0	4	21	21	23	41	3	2	4	152	
157	1	0	4	22	22	23	41	3	2	4	153	
158	1	0	4	23	23	23	41	3	2	4	154	
159	1	0	4	24	24	23	44	3	2	4	155	
169	1	0	1	74	74	8	26	1	2	4	156	
171	1	0	6	23	23	12	49	13	2	4	157	
172	1	0	6	24	24	12	49	13	2	4	158	
173	1	0	6	25	25	12	50	13	2	4	159	
174	1	0	6	26	26	12	53	13	2	4	160	
175	1	0	6	28	28	12	65	13	2	4	161	
176	1	0	6	29	29	15	50	13	2	4	162	
177	1	0	6	30	30	15	50	13	2	4	163	
178	1	0	6	31	31	15	50	13	2	4	164	
179	1	0	6	32	32	15	50	13	2	4	165	
180	1	0	6	33	33	15	49	13	2	4	166	
181	1	0	6	34	34	15	49	13	2	4	167	
182	1	0	6	35	35	15	49	13	2	4	168	
183	1	0	6	36	36	15	50	13	2	4	169	
184	1	0	6	37	37	15	50	13	2	4	170	
185	1	0	6	38	38	15	51	13	2	4	171	
186	1	0	6	39	39	15	53	13	2	4	172	
187	1	0	6	41	41	12	65	13	2	4	173	
188	1	0	6	42	42	15	50	13	2	4	174	
189	1	0	6	43	43	15	49	13	2	4	175	
190	1	0	6	44	44	15	46	13	2	4	176	
191	1	0	6	45	45	15	53	13	2	4	177	
192	1	0	6	47	47	12	63	13	2	4	178	
193	1	0	6	48	48	15	50	13	2	4	179	
194	1	0	6	50	50	15	35	13	2	4	180	
195	1	0	6	51	51	18	50	13	2	4	181	
196	1	0	6	52	52	18	50	13	2	4	182	
197	1	0	6	53	53	18	50	13	2	4	183	
198	1	0	6	54	54	18	50	13	2	4	184	
199	1	0	6	55	55	18	50	13	2	4	185	
200	1	0	6	56	56	18	49	13	2	4	186	
201	1	0	6	57	57	15	53	13	2	4	187	
202	1	0	6	59	59	15	60	13	2	4	188	
203	1	0	6	60	60	18	48	13	2	4	189	
204	1	0	6	61	61	18	48	13	2	4	190	
205	1	0	6	62	62	18	48	13	2	4	191	
206	1	0	6	63	63	18	52	13	2	4	192	
207	1	0	6	64	64	18	49	13	2	4	193	
208	1	0	6	65	65	18	51	13	2	4	194	
209	1	0	6	66	66	18	52	13	2	4	195	
210	1	0	6	67	67	18	55	13	2	4	196	
211	1	0	6	69	69	15	56	13	2	4	197	
212	1	0	6	70	70	18	52	13	2	4	198	
213	1	0	6	71	71	18	51	13	2	4	199	
214	1	0	6	72	72	18	51	13	2	4	200	
215	1	0	6	73	73	18	52	13	2	4	201	
216	1	0	6	74	74	18	51	13	2	4	202	
217	1	0	6	75	75	18	51	13	2	4	203	
218	1	0	6	76	76	18	55	13	2	4	204	
219	1	0	6	78	78	15	56	13	2	4	205	
220	1	0	6	79	79	18	52	13	2	4	206	
221	1	0	6	80	80	18	52	13	2	4	207	
222	1	0	6	81	81	18	51	13	2	4	208	
223	1	0	6	82	82	18	51	13	2	4	209	
224	1	0	6	83	83	18	51	13	2	4	210	
225	1	0	6	84	84	18	51	13	2	4	211	
226	1	0	6	85	85	18	52	13	2	4	212	
227	1	0	6	86	86	18	51	13	2	4	213	
228	1	0	6	87	87	18	51	13	2	4	214	
229	1	0	6	88	88	18	55	13	2	4	215	
230	1	0	6	90	90	15	61	13	2	4	216	
231	1	0	6	91	91	18	53	13	2	4	217	
232	1	0	6	92	92	18	51	13	2	4	218	
233	1	0	6	93	93	18	52	13	2	4	219	
234	1	0	6	94	94	18	52	13	2	4	220	
235	1	0	6	95	95	18	53	13	2	4	221	
236	1	0	6	96	96	18	53	13	2	4	222	
237	1	0	6	97	97	18	51	13	2	4	223	
238	1	0	6	98	98	18	51	13	2	4	224	
239	1	0	6	99	99	18	51	13	2	4	225	
240	1	0	6	100	100	18	51	13	2	4	226	
241	1	0	6	101	101	18	51	13	2	4	227	
242	1	0	6	102	102	18	51	13	2	4	228	
243	1	0	6	103	103	18	51	13	2	4	229	
244	1	0	6	104	104	18	51	13	2	4	230	
245	1	0	6	105	105	18	51	13	2	4	231	
246	1	0	6	106	106	18	53	13	2	4	232	
247	1	0	6	107	107	18	55	13	2	4	233	
248	1	0	6	109	109	15	61	13	2	4	234	
249	1	0	6	110	110	18	52	13	2	4	235	
250	1	0	6	111	111	18	52	13	2	4	236	
251	1	0	6	112	112	18	51	13	2	4	237	
252	1	0	6	113	113	18	51	13	2	4	238	
253	1	0	6	114	114	18	53	13	2	4	239	
254	1	0	6	115	115	18	53	13	2	4	240	
255	1	0	6	116	116	18	55	13	2	4	241	
258	1	1	1	80	148	8	38	1	2	2	1	
261	1	2	1	238	273	8	25	1	2	2	2	
259	1	3	1	150	162	8	19	1	2	2	3	
260	1	4	1	164	236	8	17	1	2	2	4	
161	1	0	5	27	38	12	22	4	2	1	1	
162	1	0	5	40	45	12	22	4	2	1	2	
163	1	0	5	47	58	12	22	4	2	1	3	
164	1	0	5	60	70	12	22	4	2	1	4	
165	1	0	5	72	80	12	22	4	2	1	5	
166	1	0	5	82	93	12	22	4	2	1	6	
167	1	0	5	95	116	12	22	4	2	1	7	
168	1	0	5	119	127	12	22	4	2	1	8	
