RefID	OccurID	StartRow	StartCol	StatementType	ResourceID	ResourceType	bRead
1	2	61	17	44	1	13	0	
2	3	66	22	210	2	13	0	
3	4	70	22	210	3	13	0	
4	5	27	29	226	1	1	0	
5	6	40	29	226	2	1	0	
6	7	47	29	226	3	1	0	
7	8	60	29	226	4	1	0	
8	9	72	29	226	5	1	0	
9	10	82	29	226	6	1	0	
10	11	95	29	226	7	1	0	
11	12	119	29	226	8	1	0	
12	13	76	22	210	4	13	0	
13	14	86	23	24	1	4	2	
14	15	88	29	27	3	4	2	
15	16	89	29	27	4	4	2	
16	17	90	29	27	5	4	2	
17	18	95	23	24	131	4	2	
18	19	101	24	23	11	215	5	
19	19	101	36	23	7	214	5	
20	20	102	21	27	1	82	1	
21	20	102	48	27	21	4	2	
22	21	103	24	30	2	2	3	
23	22	104	39	56	2	82	3	
24	23	108	17	27	3	82	1	
25	23	108	25	27	158	4	2	
26	24	109	29	27	8	4	2	
27	25	110	16	36	7	4	2	
28	25	110	50	36	156	4	3	
29	26	113	16	8	44	4	1	
30	26	113	36	8	45	4	2	
31	26	113	36	8	45	4	1	
32	27	114	16	8	47	4	1	
33	27	114	36	8	45	4	2	
34	27	114	36	8	45	4	1	
35	28	117	37	23	45	4	4	
36	29	118	19	27	4	82	1	
37	29	118	27	27	158	4	2	
38	31	123	20	30	3	2	3	
39	32	124	20	30	4	2	3	
40	33	126	35	391	2	5	1	
41	33	126	35	391	41	4	3	
42	33	127	26	391	1	225	0	
43	33	127	26	391	156	4	3	
44	33	128	24	391	5	82	3	
45	34	131	17	27	132	4	1	
46	34	131	40	27	32	4	2	
47	35	132	17	27	6	82	1	
48	35	132	34	27	30	4	2	
49	36	133	17	27	7	82	1	
50	36	134	34	27	33	4	2	
51	37	135	17	27	8	82	1	
52	37	135	34	27	34	4	2	
53	38	136	17	27	9	82	1	
54	38	136	34	27	35	4	2	
55	39	138	35	391	3	5	1	
56	39	138	35	391	40	4	3	
57	39	139	26	391	2	225	0	
58	39	139	26	391	29	4	3	
59	39	140	24	391	10	82	3	
60	40	143	15	23	158	4	4	
61	40	143	30	23	22	215	5	
62	40	143	40	23	11	82	5	
135	63	240	17	27	136	4	1	
136	63	240	28	27	28	4	2	
137	64	242	38	127	13	4	0	
138	65	244	41	130	13	4	3	
139	65	245	31	130	15	4	0	
140	65	246	27	130	14	4	0	
141	66	248	17	27	15	4	1	
142	66	248	28	27	17	4	2	
143	67	249	17	27	14	4	1	
144	67	249	28	27	19	4	2	
146	68	251	35	138	4	5	1	
145	68	251	35	138	18	82	3	
147	68	252	31	138	3	225	0	
148	68	252	31	138	16	4	0	
149	68	253	39	138	16	4	3	
150	69	256	24	23	3	215	5	
151	69	256	26	23	11	82	5	
152	70	257	26	23	6	215	5	
153	70	257	28	23	19	82	5	
154	71	258	21	27	156	4	1	
155	71	258	35	27	20	82	3	
156	71	258	50	27	39	4	2	
171	71	258	21	27	1	221	3	
172	71	258	21	27	2	221	3	
158	72	259	39	138	4	5	1	
157	72	259	39	138	18	82	3	
159	72	260	35	138	4	225	0	
160	72	260	35	138	37	4	0	
161	72	261	43	138	37	4	3	
162	73	264	21	27	156	4	1	
163	73	264	35	27	20	82	3	
164	73	264	37	27	22	82	3	
165	73	264	44	27	39	4	2	
173	73	264	21	27	3	221	3	
174	73	264	21	27	4	221	3	
167	74	265	39	138	4	5	1	
166	74	265	39	138	18	82	3	
168	74	266	35	138	5	225	0	
169	74	266	35	138	37	4	0	
170	74	267	43	138	37	4	3	
63	43	152	34	3561	11	4	3	
64	43	153	31	3561	12	4	3	
65	43	154	32	3561	10	4	3	
66	43	155	31	3561	9	4	0	
67	44	157	15	23	9	4	4	
68	45	158	19	27	12	82	1	
69	45	158	27	27	42	4	2	
70	46	159	25	24	132	4	2	
71	47	161	19	27	10	4	1	
72	47	161	35	27	132	4	2	
73	48	168	17	27	13	82	1	
74	48	168	39	27	26	4	2	
75	49	170	15	23	42	4	4	
76	49	170	24	23	11	215	5	
77	49	170	26	23	15	82	5	
78	50	172	28	211	1	1	2	
79	50	173	28	211	1	187	2	
80	50	174	28	211	2	187	2	
81	50	175	28	211	3	187	2	
82	50	176	28	211	4	187	2	
83	50	177	28	211	5	187	2	
84	50	178	28	211	6	187	2	
85	50	179	28	211	7	187	2	
86	50	180	28	211	9	187	2	
87	50	181	28	211	8	187	2	
88	50	182	28	211	10	187	2	
89	50	183	29	211	132	4	1	
90	50	184	29	211	162	4	1	
91	50	185	29	211	163	4	1	
92	50	186	29	211	164	4	1	
93	50	187	29	211	165	4	1	
94	50	188	29	211	166	4	1	
95	50	189	29	211	167	4	1	
96	50	190	29	211	169	4	1	
97	50	191	29	211	170	4	1	
98	50	192	29	211	171	4	1	
99	51	194	17	23	136	4	4	
100	51	194	25	23	22	215	5	
101	51	194	35	23	11	82	5	
102	52	195	21	27	16	82	1	
103	52	195	29	27	158	4	2	
104	53	196	24	30	2	2	3	
105	55	201	28	211	1	1	2	
106	55	202	28	211	1	187	2	
107	55	203	28	211	2	187	2	
108	55	204	28	211	3	187	2	
109	55	205	28	211	4	187	2	
110	55	206	28	211	5	187	2	
111	55	207	28	211	6	187	2	
112	55	208	28	211	7	187	2	
113	55	209	28	211	9	187	2	
114	55	210	28	211	8	187	2	
115	55	211	28	211	10	187	2	
116	55	211	28	211	17	82	1	
117	55	213	29	211	162	4	1	
118	55	214	29	211	163	4	1	
119	55	215	29	211	164	4	1	
120	55	216	29	211	165	4	1	
121	55	217	29	211	166	4	1	
122	55	218	29	211	167	4	1	
123	55	219	29	211	169	4	1	
124	55	220	29	211	170	4	1	
125	55	221	29	211	171	4	1	
126	56	223	17	23	136	4	4	
127	56	223	25	23	22	215	5	
128	56	223	35	23	11	82	5	
129	57	224	21	27	16	82	1	
130	57	224	29	27	158	4	2	
131	58	225	24	30	2	2	3	
132	60	230	23	0	132	4	3	
133	61	234	17	27	132	4	1	
134	61	234	40	27	159	4	2	
