VarID	VarName	ProgIDReference	IsCopy	VarSize	Father	Ancestor	Redefines	Redefined	iLevel	PIC	szValues	Type	IsField	IsFiller	NumOfChilds	PosInRecord	iUsage	iSign	ResourceType	OccurID	ReadWrite	Precision	Occurs	ScopeID	Implicit_definition	MemoryPositionInRecord	DisplayPositionInRecord	DisplayedSize	RelatedToFileId	FullVarText	SectionType	NameVisibility
1	WS-HEADER	1	0	38	0	0	0	0	1			0	0	0	7	0	1	0	0	3	2	0	1			1	1	41	0		2	0	
2	WS-EYECATCHER	1	0	16	1	1	0	0	3	X(16)	'LGACDB01------WS'	6	-1	0	0	0	1	0	0	4	2	0	1			1	1	16	0		2	0	
3	WS-TRANSID	1	0	4	1	1	0	0	3	X(4)		6	-1	0	0	1	1	0	0	5	2	0	1			17	17	4	0		2	0	
4	WS-TERMID	1	0	4	1	1	0	0	3	X(4)		6	-1	0	0	2	1	0	0	6	2	0	1			21	21	4	0		2	0	
5	WS-TASKNUM	1	0	7	1	1	0	0	3	9(7)		1	-1	0	0	3	1	0	0	7	2	0	1			25	25	7	0		2	0	
6	WS-FILLER	1	0	1	1	1	0	0	3	X		6	-1	0	0	4	1	0	0	8	2	0	1			32	32	1	0		2	0	
7	WS-ADDR-DFHCOMMAREA	1	0	4	1	1	0	0	3			0	-1	0	0	5	7	0	0	9	2	0	1			33	33	4	0		2	0	
8	WS-CALEN	1	0	2	1	1	0	0	3	S9(4)		1	-1	0	0	6	2	0	0	10	2	0	1			37	37	5	0		2	0	
9	WS-RESP	1	0	4	0	0	0	0	1	S9(8)		1	-1	0	0	1	2	0	0	11	2	0	1			1	1	9	0		2	0	
10	LastCustNum	1	0	4	0	0	0	0	1	S9(8)		1	-1	0	0	2	2	0	0	12	2	0	1			1	1	9	0		2	0	
11	GENAcount	1	0	16	0	0	0	0	1	X(16)	'GENACUSTNUM'	6	-1	0	0	3	1	0	0	13	2	0	1			1	1	16	0		2	0	
12	GENApool	1	0	8	0	0	0	0	1	X(8)	'GENA'	6	-1	0	0	4	1	0	0	14	2	0	1			1	1	8	0		2	0	
13	WS-ABSTIME	1	0	4	0	0	0	0	1	S9(8)	+0	1	-1	0	0	5	2	0	0	15	2	0	1			1	1	9	0		2	0	
14	WS-TIME	1	0	8	0	0	0	0	1	X(8)	SPACES	6	-1	0	0	6	1	0	0	16	2	0	1			1	1	8	0		2	0	
15	WS-DATE	1	0	10	0	0	0	0	1	X(10)	SPACES	6	-1	0	0	7	1	0	0	17	2	0	1			1	1	10	0		2	0	
16	ERROR-MSG	1	0	87	0	0	0	0	1			0	0	0	5	8	1	0	0	18	2	0	1			1	1	87	0		2	0	
17	EM-DATE	1	0	8	16	16	0	0	3	X(8)	SPACES	6	-1	0	0	0	1	0	0	19	2	0	1			1	1	8	0		2	0	
18	FILLER #1	1	0	1	16	16	0	0	3	X	SPACES	6	-1	-1	0	1	1	0	0	20	2	0	1			9	9	1	0		2	0	
19	EM-TIME	1	0	6	16	16	0	0	3	X(6)	SPACES	6	-1	0	0	2	1	0	0	21	2	0	1			10	10	6	0		2	0	
20	FILLER #2	1	0	9	16	16	0	0	3	X(9)	' LGACDB01'	6	-1	-1	0	3	1	0	0	22	2	0	1			16	16	9	0		2	0	
21	EM-VARIABLE	1	0	63	16	16	0	0	3			0	0	0	7	4	1	0	0	23	2	0	1			25	25	63	0		2	0	
22	FILLER #3	1	0	6	21	16	0	0	5	X(6)	' CNUM='	6	-1	-1	0	0	1	0	0	24	2	0	1			25	25	6	0		2	0	
23	EM-CUSNUM	1	0	10	21	16	0	0	5	X(10)	SPACES	6	-1	0	0	1	1	0	0	25	2	0	1			31	31	10	0		2	0	
24	FILLER #4	1	0	6	21	16	0	0	5	X(6)	' PNUM='	6	-1	-1	0	2	1	0	0	26	2	0	1			41	41	6	0		2	0	
25	EM-POLNUM	1	0	10	21	16	0	0	5	X(10)	SPACES	6	-1	0	0	3	1	0	0	27	2	0	1			47	47	10	0		2	0	
26	EM-SQLREQ	1	0	16	21	16	0	0	5	X(16)	SPACES	6	-1	0	0	4	1	0	0	28	2	0	1			57	57	16	0		2	0	
27	FILLER #5	1	0	9	21	16	0	0	5	X(9)	' SQLCODE='	6	-1	-1	0	5	1	0	0	29	2	0	1			73	73	9	0		2	0	
28	EM-SQLRC	1	0	6	21	16	0	0	5	+9(5)		2	-1	0	0	6	1	0	0	30	2	0	1			82	82	6	0		2	0	
29	CDB2AREA	1	0	32500	0	0	0	0	1			0	0	0	7	9	1	0	0	31	2	0	1			1	1	32500	0		2	0	
30	D2-REQUEST-ID	1	0	6	29	29	0	0	3	X(6)		6	-1	0	0	0	1	0	0	32	2	0	1			1	1	6	0		2	0	
31	D2-RETURN-CODE	1	0	2	29	29	0	0	3	9(2)		1	-1	0	0	1	1	0	0	33	2	0	1			7	7	2	0		2	0	
32	D2-CUSTOMER-NUM	1	0	10	29	29	0	0	3	9(10)		1	-1	0	0	2	1	0	0	34	2	0	1			9	9	10	0		2	0	
33	D2-CUSTSECR-PASS	1	0	32	29	29	0	0	3	X(32)		6	-1	0	0	3	1	0	0	35	2	0	1			19	19	32	0		2	0	
34	D2-CUSTSECR-COUNT	1	0	4	29	29	0	0	3	X(4)		6	-1	0	0	4	1	0	0	36	2	0	1			51	51	4	0		2	0	
35	D2-CUSTSECR-STATE	1	0	1	29	29	0	0	3	X		6	-1	0	0	5	1	0	0	37	2	0	1			55	55	1	0		2	0	
36	D2-CUSTSECR-DATA	1	0	32445	29	29	0	0	3	X(32445)		6	-1	0	0	6	1	0	0	38	2	0	1			56	56	32445	0		2	0	
37	CA-ERROR-MSG	1	0	99	0	0	0	0	1			0	0	0	2	10	1	0	0	39	2	0	1			1	1	99	0		2	0	
38	FILLER #6	1	0	9	37	37	0	0	3	X(9)	'COMMAREA='	6	-1	-1	0	0	1	0	0	40	2	0	1			1	1	9	0		2	0	
39	CA-DATA	1	0	90	37	37	0	0	3	X(90)	SPACES	6	-1	0	0	1	1	0	0	41	2	0	1			10	10	90	0		2	0	
40	LGACDB02	1	0	8	0	0	0	0	77	X(8)	'LGACDB02'	6	-1	0	0	11	1	0	0	42	2	0	1			1	1	8	0		2	0	
41	LGACVS01	1	0	8	0	0	0	0	77	X(8)	'LGACVS01'	6	-1	0	0	12	1	0	0	43	2	0	1			1	1	8	0		2	0	
42	LGAC-NCS	1	0	2	0	0	0	0	77	X(2)	'ON'	6	-1	0	0	13	1	0	0	44	2	0	1			1	1	2	0		2	0	
43	WS-COMMAREA-LENGTHS	1	0	6	0	0	0	0	1			0	0	0	2	14	1	0	0	45	2	0	1			1	1	10	0		2	0	
44	WS-CA-HEADER-LEN	1	0	2	43	43	0	0	3	S9(4)	+18	1	-1	0	0	0	2	0	0	46	2	0	1			1	1	5	0		2	0	
45	WS-REQUIRED-CA-LEN	1	0	4	43	43	0	0	3	S9(4)	+0	1	-1	0	0	1	1	0	0	47	2	0	1			3	6	5	0		2	0	
46	WS-POLICY-LENGTHS	1	-1	26	0	0	0	0	1			0	0	0	13	15	1	0	0	49	2	0	1			1	1	65	0		2	0	
47	WS-CUSTOMER-LEN	1	-1	2	46	46	0	0	3	S9(4)	+72	1	-1	0	0	0	2	0	0	50	2	0	1			1	1	5	0		2	0	
48	WS-POLICY-LEN	1	-1	2	46	46	0	0	3	S9(4)	+72	1	-1	0	0	1	2	0	0	51	2	0	1			3	6	5	0		2	0	
49	WS-ENDOW-LEN	1	-1	2	46	46	0	0	3	S9(4)	+52	1	-1	0	0	2	2	0	0	52	2	0	1			5	11	5	0		2	0	
50	WS-HOUSE-LEN	1	-1	2	46	46	0	0	3	S9(4)	+58	1	-1	0	0	3	2	0	0	53	2	0	1			7	16	5	0		2	0	
51	WS-MOTOR-LEN	1	-1	2	46	46	0	0	3	S9(4)	+65	1	-1	0	0	4	2	0	0	54	2	0	1			9	21	5	0		2	0	
52	WS-COMM-LEN	1	-1	2	46	46	0	0	3	S9(4)	+1102	1	-1	0	0	5	2	0	0	55	2	0	1			11	26	5	0		2	0	
53	WS-CLAIM-LEN	1	-1	2	46	46	0	0	3	S9(4)	+546	1	-1	0	0	6	2	0	0	56	2	0	1			13	31	5	0		2	0	
54	WS-FULL-ENDOW-LEN	1	-1	2	46	46	0	0	3	S9(4)	+124	1	-1	0	0	7	2	0	0	57	2	0	1			15	36	5	0		2	0	
55	WS-FULL-HOUSE-LEN	1	-1	2	46	46	0	0	3	S9(4)	+130	1	-1	0	0	8	2	0	0	58	2	0	1			17	41	5	0		2	0	
56	WS-FULL-MOTOR-LEN	1	-1	2	46	46	0	0	3	S9(4)	+137	1	-1	0	0	9	2	0	0	59	2	0	1			19	46	5	0		2	0	
57	WS-FULL-COMM-LEN	1	-1	2	46	46	0	0	3	S9(4)	+1174	1	-1	0	0	10	2	0	0	60	2	0	1			21	51	5	0		2	0	
58	WS-FULL-CLAIM-LEN	1	-1	2	46	46	0	0	3	S9(4)	+618	1	-1	0	0	11	2	0	0	61	2	0	1			23	56	5	0		2	0	
59	WS-SUMRY-ENDOW-LEN	1	-1	2	46	46	0	0	3	S9(4)	+25	1	-1	0	0	12	2	0	0	62	2	0	1			25	61	5	0		2	0	
60	DB2-CUSTOMER	1	-1	212	0	0	0	0	1			0	0	0	9	16	1	0	0	63	2	0	1			1	1	212	0		2	0	
61	DB2-FIRSTNAME	1	-1	10	60	60	0	0	3	X(10)		6	-1	0	0	0	1	0	0	64	2	0	1			1	1	10	0		2	0	
62	DB2-LASTNAME	1	-1	20	60	60	0	0	3	X(20)		6	-1	0	0	1	1	0	0	65	2	0	1			11	11	20	0		2	0	
63	DB2-DATEOFBIRTH	1	-1	10	60	60	0	0	3	X(10)		6	-1	0	0	2	1	0	0	66	2	0	1			31	31	10	0		2	0	
64	DB2-HOUSENAME	1	-1	20	60	60	0	0	3	X(20)		6	-1	0	0	3	1	0	0	67	2	0	1			41	41	20	0		2	0	
65	DB2-HOUSENUMBER	1	-1	4	60	60	0	0	3	X(4)		6	-1	0	0	4	1	0	0	68	2	0	1			61	61	4	0		2	0	
66	DB2-POSTCODE	1	-1	8	60	60	0	0	3	X(8)		6	-1	0	0	5	1	0	0	69	2	0	1			65	65	8	0		2	0	
67	DB2-PHONE-MOBILE	1	-1	20	60	60	0	0	3	X(20)		6	-1	0	0	6	1	0	0	70	2	0	1			73	73	20	0		2	0	
68	DB2-PHONE-HOME	1	-1	20	60	60	0	0	3	X(20)		6	-1	0	0	7	1	0	0	71	2	0	1			93	93	20	0		2	0	
69	DB2-EMAIL-ADDRESS	1	-1	100	60	60	0	0	3	X(100)		6	-1	0	0	8	1	0	0	72	2	0	1			113	113	100	0		2	0	
70	DB2-POLICY	1	-1	83	0	0	0	0	1			0	0	0	3	17	1	0	0	73	2	0	1			1	1	83	0		2	0	
71	DB2-POLICYTYPE	1	-1	1	70	70	0	0	3	X		6	-1	0	0	0	1	0	0	74	2	0	1			1	1	1	0		2	0	
72	DB2-POLICYNUMBER	1	-1	10	70	70	0	0	3	9(10)		1	-1	0	0	1	1	0	0	75	2	0	1			2	2	10	0		2	0	
73	DB2-POLICY-COMMON	1	-1	72	70	70	0	0	3			0	0	0	6	2	1	0	0	76	2	0	1			12	12	72	0		2	0	
74	DB2-ISSUEDATE	1	-1	10	73	70	0	0	5	X(10)		6	-1	0	0	0	1	0	0	77	2	0	1			12	12	10	0		2	0	
75	DB2-EXPIRYDATE	1	-1	10	73	70	0	0	5	X(10)		6	-1	0	0	1	1	0	0	78	2	0	1			22	22	10	0		2	0	
76	DB2-LASTCHANGED	1	-1	26	73	70	0	0	5	X(26)		6	-1	0	0	2	1	0	0	79	2	0	1			32	32	26	0		2	0	
77	DB2-BROKERID	1	-1	10	73	70	0	0	5	9(10)		1	-1	0	0	3	1	0	0	80	2	0	1			58	58	10	0		2	0	
78	DB2-BROKERSREF	1	-1	10	73	70	0	0	5	X(10)		6	-1	0	0	4	1	0	0	81	2	0	1			68	68	10	0		2	0	
79	DB2-PAYMENT	1	-1	6	73	70	0	0	5	9(6)		1	-1	0	0	5	1	0	0	82	2	0	1			78	78	6	0		2	0	
80	DB2-ENDOWMENT	1	-1	32663	0	0	0	0	1			0	0	0	2	18	1	0	0	83	2	0	1			1	1	32663	0		2	0	
81	DB2-ENDOW-FIXED	1	-1	52	80	80	0	0	3			0	0	0	7	0	1	0	0	84	2	0	1			1	1	52	0		2	0	
82	DB2-E-WITHPROFITS	1	-1	1	81	80	0	0	5	X		6	-1	0	0	0	1	0	0	85	2	0	1			1	1	1	0		2	0	
83	DB2-E-EQUITIES	1	-1	1	81	80	0	0	5	X		6	-1	0	0	1	1	0	0	86	2	0	1			2	2	1	0		2	0	
84	DB2-E-MANAGEDFUND	1	-1	1	81	80	0	0	5	X		6	-1	0	0	2	1	0	0	87	2	0	1			3	3	1	0		2	0	
85	DB2-E-FUNDNAME	1	-1	10	81	80	0	0	5	X(10)		6	-1	0	0	3	1	0	0	88	2	0	1			4	4	10	0		2	0	
86	DB2-E-TERM	1	-1	2	81	80	0	0	5	9(2)		1	-1	0	0	4	1	0	0	89	2	0	1			14	14	2	0		2	0	
87	DB2-E-SUMASSURED	1	-1	6	81	80	0	0	5	9(6)		1	-1	0	0	5	1	0	0	90	2	0	1			16	16	6	0		2	0	
88	DB2-E-LIFEASSURED	1	-1	31	81	80	0	0	5	X(31)		6	-1	0	0	6	1	0	0	91	2	0	1			22	22	31	0		2	0	
89	DB2-E-PADDINGDATA	1	-1	32611	80	80	0	0	3	X(32611)		6	-1	0	0	1	1	0	0	92	2	0	1			53	53	32611	0		2	0	
90	DB2-HOUSE	1	-1	58	0	0	0	0	1			0	0	0	6	19	1	0	0	93	2	0	1			1	1	58	0		2	0	
91	DB2-H-PROPERTYTYPE	1	-1	15	90	90	0	0	3	X(15)		6	-1	0	0	0	1	0	0	94	2	0	1			1	1	15	0		2	0	
92	DB2-H-BEDROOMS	1	-1	3	90	90	0	0	3	9(3)		1	-1	0	0	1	1	0	0	95	2	0	1			16	16	3	0		2	0	
93	DB2-H-VALUE	1	-1	8	90	90	0	0	3	9(8)		1	-1	0	0	2	1	0	0	96	2	0	1			19	19	8	0		2	0	
94	DB2-H-HOUSENAME	1	-1	20	90	90	0	0	3	X(20)		6	-1	0	0	3	1	0	0	97	2	0	1			27	27	20	0		2	0	
95	DB2-H-HOUSENUMBER	1	-1	4	90	90	0	0	3	X(4)		6	-1	0	0	4	1	0	0	98	2	0	1			47	47	4	0		2	0	
96	DB2-H-POSTCODE	1	-1	8	90	90	0	0	3	X(8)		6	-1	0	0	5	1	0	0	99	2	0	1			51	51	8	0		2	0	
97	DB2-MOTOR	1	-1	77	0	0	0	0	1			0	0	0	9	20	1	0	0	100	2	0	1			1	1	77	0		2	0	
98	DB2-M-MAKE	1	-1	15	97	97	0	0	3	X(15)		6	-1	0	0	0	1	0	0	101	2	0	1			1	1	15	0		2	0	
99	DB2-M-MODEL	1	-1	15	97	97	0	0	3	X(15)		6	-1	0	0	1	1	0	0	102	2	0	1			16	16	15	0		2	0	
100	DB2-M-VALUE	1	-1	6	97	97	0	0	3	9(6)		1	-1	0	0	2	1	0	0	103	2	0	1			31	31	6	0		2	0	
101	DB2-M-REGNUMBER	1	-1	7	97	97	0	0	3	X(7)		6	-1	0	0	3	1	0	0	104	2	0	1			37	37	7	0		2	0	
102	DB2-M-COLOUR	1	-1	8	97	97	0	0	3	X(8)		6	-1	0	0	4	1	0	0	105	2	0	1			44	44	8	0		2	0	
103	DB2-M-CC	1	-1	4	97	97	0	0	3	9(4)		1	-1	0	0	5	1	0	0	106	2	0	1			52	52	4	0		2	0	
104	DB2-M-MANUFACTURED	1	-1	10	97	97	0	0	3	X(10)		6	-1	0	0	6	1	0	0	107	2	0	1			56	56	10	0		2	0	
105	DB2-M-PREMIUM	1	-1	6	97	97	0	0	3	9(6)		1	-1	0	0	7	1	0	0	108	2	0	1			66	66	6	0		2	0	
106	DB2-M-ACCIDENTS	1	-1	6	97	97	0	0	3	9(6)		1	-1	0	0	8	1	0	0	109	2	0	1			72	72	6	0		2	0	
107	DB2-COMMERCIAL	1	-1	1102	0	0	0	0	1			0	0	0	16	21	1	0	0	110	2	0	1			1	1	1102	0		2	0	
108	DB2-B-Address	1	-1	255	107	107	0	0	3	X(255)		6	-1	0	0	0	1	0	0	111	2	0	1			1	1	255	0		2	0	
109	DB2-B-Postcode	1	-1	8	107	107	0	0	3	X(8)		6	-1	0	0	1	1	0	0	112	2	0	1			256	256	8	0		2	0	
110	DB2-B-Latitude	1	-1	11	107	107	0	0	3	X(11)		6	-1	0	0	2	1	0	0	113	2	0	1			264	264	11	0		2	0	
111	DB2-B-Longitude	1	-1	11	107	107	0	0	3	X(11)		6	-1	0	0	3	1	0	0	114	2	0	1			275	275	11	0		2	0	
112	DB2-B-Customer	1	-1	255	107	107	0	0	3	X(255)		6	-1	0	0	4	1	0	0	115	2	0	1			286	286	255	0		2	0	
113	DB2-B-PropType	1	-1	255	107	107	0	0	3	X(255)		6	-1	0	0	5	1	0	0	116	2	0	1			541	541	255	0		2	0	
114	DB2-B-FirePeril	1	-1	4	107	107	0	0	3	9(4)		1	-1	0	0	6	1	0	0	117	2	0	1			796	796	4	0		2	0	
115	DB2-B-FirePremium	1	-1	8	107	107	0	0	3	9(8)		1	-1	0	0	7	1	0	0	118	2	0	1			800	800	8	0		2	0	
116	DB2-B-CrimePeril	1	-1	4	107	107	0	0	3	9(4)		1	-1	0	0	8	1	0	0	119	2	0	1			808	808	4	0		2	0	
117	DB2-B-CrimePremium	1	-1	8	107	107	0	0	3	9(8)		1	-1	0	0	9	1	0	0	120	2	0	1			812	812	8	0		2	0	
118	DB2-B-FloodPeril	1	-1	4	107	107	0	0	3	9(4)		1	-1	0	0	10	1	0	0	121	2	0	1			820	820	4	0		2	0	
119	DB2-B-FloodPremium	1	-1	8	107	107	0	0	3	9(8)		1	-1	0	0	11	1	0	0	122	2	0	1			824	824	8	0		2	0	
120	DB2-B-WeatherPeril	1	-1	4	107	107	0	0	3	9(4)		1	-1	0	0	12	1	0	0	123	2	0	1			832	832	4	0		2	0	
121	DB2-B-WeatherPremium	1	-1	8	107	107	0	0	3	9(8)		1	-1	0	0	13	1	0	0	124	2	0	1			836	836	8	0		2	0	
122	DB2-B-Status	1	-1	4	107	107	0	0	3	9(4)		1	-1	0	0	14	1	0	0	125	2	0	1			844	844	4	0		2	0	
123	DB2-B-RejectReason	1	-1	255	107	107	0	0	3	X(255)		6	-1	0	0	15	1	0	0	126	2	0	1			848	848	255	0		2	0	
124	DB2-CLAIM	1	-1	546	0	0	0	0	1			0	0	0	6	22	1	0	0	127	2	0	1			1	1	546	0		2	0	
125	DB2-C-Num	1	-1	10	124	124	0	0	3	9(10)		1	-1	0	0	0	1	0	0	128	2	0	1			1	1	10	0		2	0	
126	DB2-C-Date	1	-1	10	124	124	0	0	3	X(10)		6	-1	0	0	1	1	0	0	129	2	0	1			11	11	10	0		2	0	
127	DB2-C-Paid	1	-1	8	124	124	0	0	3	9(8)		1	-1	0	0	2	1	0	0	130	2	0	1			21	21	8	0		2	0	
128	DB2-C-Value	1	-1	8	124	124	0	0	3	9(8)		1	-1	0	0	3	1	0	0	131	2	0	1			29	29	8	0		2	0	
129	DB2-C-Cause	1	-1	255	124	124	0	0	3	X(255)		6	-1	0	0	4	1	0	0	132	2	0	1			37	37	255	0		2	0	
130	DB2-C-Observations	1	-1	255	124	124	0	0	3	X(255)		6	-1	0	0	5	1	0	0	133	2	0	1			292	292	255	0		2	0	
131	DB2-OUT-INTEGERS	1	0	4	0	0	0	0	1			0	0	0	1	23	1	0	0	134	2	0	1			1	1	10	0		2	0	
132	DB2-CUSTOMERNUM-INT	1	0	4	131	131	0	0	3	S9(9)		1	-1	0	0	0	2	0	0	135	2	0	1			1	1	10	0		2	0	
133	SQLCA	1	-1	136	0	0	0	0	1			0	0	0	8	24	1	0	0	137	2	0	1			1	1	187	0		2	0	
134	SQLCAID	1	-1	8	133	133	0	0	5	X(8)		6	-1	0	0	0	1	0	0	138	2	0	1			1	1	8	0		2	0	
135	SQLCABC	1	-1	4	133	133	0	0	5	S9(9)		1	-1	0	0	1	2	0	0	139	2	0	1			9	9	10	0		2	0	
136	SQLCODE	1	-1	4	133	133	0	0	5	S9(9)		1	-1	0	0	2	2	0	0	140	2	0	1			13	19	10	0		2	0	
137	SQLERRM	1	-1	72	133	133	0	0	5			0	0	0	2	3	1	0	0	141	2	0	1			17	29	75	0		2	0	
138	SQLERRML	1	-1	2	137	133	0	0	49	S9(4)		1	-1	0	0	0	2	0	0	142	2	0	1			17	29	5	0		2	0	
139	SQLERRMC	1	-1	70	137	133	0	0	49	X(70)		6	-1	0	0	1	1	0	0	143	2	0	1			19	34	70	0		2	0	
140	SQLERRP	1	-1	8	133	133	0	0	5	X(8)		6	-1	0	0	4	1	0	0	144	2	0	1			89	104	8	0		2	0	
141	SQLERRD	1	-1	24	133	133	0	0	5	S9(9)		1	-1	0	0	5	2	0	0	145	2	0	6			97	112	60	0		2	0	
142	SQLWARN	1	-1	8	133	133	0	0	5			0	0	0	8	6	1	0	0	146	2	0	1			121	172	8	0		2	0	
143	SQLWARN0	1	-1	1	142	133	0	0	10	X		6	-1	0	0	0	1	0	0	147	2	0	1			121	172	1	0		2	0	
144	SQLWARN1	1	-1	1	142	133	0	0	10	X		6	-1	0	0	1	1	0	0	148	2	0	1			122	173	1	0		2	0	
145	SQLWARN2	1	-1	1	142	133	0	0	10	X		6	-1	0	0	2	1	0	0	149	2	0	1			123	174	1	0		2	0	
146	SQLWARN3	1	-1	1	142	133	0	0	10	X		6	-1	0	0	3	1	0	0	150	2	0	1			124	175	1	0		2	0	
147	SQLWARN4	1	-1	1	142	133	0	0	10	X		6	-1	0	0	4	1	0	0	151	2	0	1			125	176	1	0		2	0	
148	SQLWARN5	1	-1	1	142	133	0	0	10	X		6	-1	0	0	5	1	0	0	152	2	0	1			126	177	1	0		2	0	
149	SQLWARN6	1	-1	1	142	133	0	0	10	X		6	-1	0	0	6	1	0	0	153	2	0	1			127	178	1	0		2	0	
150	SQLWARN7	1	-1	1	142	133	0	0	10	X		6	-1	0	0	7	1	0	0	154	2	0	1			128	179	1	0		2	0	
151	SQLEXT	1	-1	8	133	133	0	0	5			0	0	0	4	7	1	0	0	155	2	0	1			129	180	8	0		2	0	
152	SQLWARN8	1	-1	1	151	133	0	0	10	X		6	-1	0	0	0	1	0	0	156	2	0	1			129	180	1	0		2	0	
153	SQLWARN9	1	-1	1	151	133	0	0	10	X		6	-1	0	0	1	1	0	0	157	2	0	1			130	181	1	0		2	0	
154	SQLWARNA	1	-1	1	151	133	0	0	10	X		6	-1	0	0	2	1	0	0	158	2	0	1			131	182	1	0		2	0	
155	SQLSTATE	1	-1	5	151	133	0	0	10	X(5)		6	-1	0	0	3	1	0	0	159	2	0	1			132	183	5	0		2	0	
156	DFHCOMMAREA-1	1	0	32500	0	0	0	0	1			0	0	0	7	0	1	0	0	169	2	0	1			1	1	32500	0		3	0	
157	CA-REQUEST-ID	1	-1	6	156	156	0	0	3	X(6)		6	-1	0	0	0	1	0	0	171	2	0	1			1	1	6	0		3	0	
158	CA-RETURN-CODE	1	-1	2	156	156	0	0	3	9(2)		1	-1	0	0	1	1	0	0	172	2	0	1			7	7	2	0		3	0	
159	CA-CUSTOMER-NUM	1	-1	10	156	156	0	0	3	9(10)		1	-1	0	0	2	1	0	0	173	2	0	1			9	9	10	0		3	0	
160	CA-REQUEST-SPECIFIC	1	-1	32482	156	156	0	-1	3	X(32482)		6	-1	0	0	3	1	0	0	174	2	0	1			19	19	32482	0		3	0	
161	CA-CUSTOMER-REQUEST	1	-1	32482	156	156	160	0	3			0	0	0	11	4	1	0	0	175	2	0	1			19	19	32482	0		3	0	
162	CA-FIRST-NAME	1	-1	10	161	156	0	0	5	X(10)		6	-1	0	0	0	1	0	0	176	2	0	1			19	19	10	0		3	0	
163	CA-LAST-NAME	1	-1	20	161	156	0	0	5	X(20)		6	-1	0	0	1	1	0	0	177	2	0	1			29	29	20	0		3	0	
164	CA-DOB	1	-1	10	161	156	0	0	5	X(10)		6	-1	0	0	2	1	0	0	178	2	0	1			49	49	10	0		3	0	
165	CA-HOUSE-NAME	1	-1	20	161	156	0	0	5	X(20)		6	-1	0	0	3	1	0	0	179	2	0	1			59	59	20	0		3	0	
166	CA-HOUSE-NUM	1	-1	4	161	156	0	0	5	X(4)		6	-1	0	0	4	1	0	0	180	2	0	1			79	79	4	0		3	0	
167	CA-POSTCODE	1	-1	8	161	156	0	0	5	X(8)		6	-1	0	0	5	1	0	0	181	2	0	1			83	83	8	0		3	0	
168	CA-NUM-POLICIES	1	-1	3	161	156	0	0	5	9(3)		1	-1	0	0	6	1	0	0	182	2	0	1			91	91	3	0		3	0	
169	CA-PHONE-MOBILE	1	-1	20	161	156	0	0	5	X(20)		6	-1	0	0	7	1	0	0	183	2	0	1			94	94	20	0		3	0	
170	CA-PHONE-HOME	1	-1	20	161	156	0	0	5	X(20)		6	-1	0	0	8	1	0	0	184	2	0	1			114	114	20	0		3	0	
171	CA-EMAIL-ADDRESS	1	-1	100	161	156	0	0	5	X(100)		6	-1	0	0	9	1	0	0	185	2	0	1			134	134	100	0		3	0	
172	CA-POLICY-DATA	1	-1	32267	161	156	0	0	5	X(32267)		6	-1	0	0	10	1	0	0	186	2	0	1			234	234	32267	0		3	0	
173	CA-CUSTSECR-REQUEST	1	-1	32482	156	156	160	0	3			0	0	0	4	5	1	0	0	187	2	0	1			19	19	32482	0		3	0	
174	CA-CUSTSECR-PASS	1	-1	32	173	156	0	0	5	X(32)		6	-1	0	0	0	1	0	0	188	2	0	1			19	19	32	0		3	0	
175	CA-CUSTSECR-COUNT	1	-1	4	173	156	0	0	5	X(4)		6	-1	0	0	1	1	0	0	189	2	0	1			51	51	4	0		3	0	
176	CA-CUSTSECR-STATE	1	-1	1	173	156	0	0	5	X		6	-1	0	0	2	1	0	0	190	2	0	1			55	55	1	0		3	0	
177	CA-CUSTSECR-DATA	1	-1	32445	173	156	0	0	5	X(32445)		6	-1	0	0	3	1	0	0	191	2	0	1			56	56	32445	0		3	0	
178	CA-POLICY-REQUEST	1	-1	32482	156	156	160	0	3			0	0	0	8	6	1	0	0	192	2	0	1			19	19	32482	0		3	0	
179	CA-POLICY-NUM	1	-1	10	178	156	0	0	5	9(10)		1	-1	0	0	0	1	0	0	193	2	0	1			19	19	10	0		3	0	
180	CA-POLICY-COMMON	1	-1	72	178	156	0	0	5			0	0	0	6	1	1	0	0	194	2	0	1			29	29	72	0		3	0	
181	CA-ISSUE-DATE	1	-1	10	180	156	0	0	7	X(10)		6	-1	0	0	0	1	0	0	195	2	0	1			29	29	10	0		3	0	
182	CA-EXPIRY-DATE	1	-1	10	180	156	0	0	7	X(10)		6	-1	0	0	1	1	0	0	196	2	0	1			39	39	10	0		3	0	
183	CA-LASTCHANGED	1	-1	26	180	156	0	0	7	X(26)		6	-1	0	0	2	1	0	0	197	2	0	1			49	49	26	0		3	0	
184	CA-BROKERID	1	-1	10	180	156	0	0	7	9(10)		1	-1	0	0	3	1	0	0	198	2	0	1			75	75	10	0		3	0	
185	CA-BROKERSREF	1	-1	10	180	156	0	0	7	X(10)		6	-1	0	0	4	1	0	0	199	2	0	1			85	85	10	0		3	0	
186	CA-PAYMENT	1	-1	6	180	156	0	0	7	9(6)		1	-1	0	0	5	1	0	0	200	2	0	1			95	95	6	0		3	0	
187	CA-POLICY-SPECIFIC	1	-1	32400	178	156	0	-1	5	X(32400)		6	-1	0	0	2	1	0	0	201	2	0	1			101	101	32400	0		3	0	
188	CA-ENDOWMENT	1	-1	32400	178	156	187	0	5			0	0	0	8	3	1	0	0	202	2	0	1			101	101	32400	0		3	0	
189	CA-E-WITH-PROFITS	1	-1	1	188	156	0	0	7	X		6	-1	0	0	0	1	0	0	203	2	0	1			101	101	1	0		3	0	
190	CA-E-EQUITIES	1	-1	1	188	156	0	0	7	X		6	-1	0	0	1	1	0	0	204	2	0	1			102	102	1	0		3	0	
191	CA-E-MANAGED-FUND	1	-1	1	188	156	0	0	7	X		6	-1	0	0	2	1	0	0	205	2	0	1			103	103	1	0		3	0	
192	CA-E-FUND-NAME	1	-1	10	188	156	0	0	7	X(10)		6	-1	0	0	3	1	0	0	206	2	0	1			104	104	10	0		3	0	
193	CA-E-TERM	1	-1	2	188	156	0	0	7	99		1	-1	0	0	4	1	0	0	207	2	0	1			114	114	2	0		3	0	
194	CA-E-SUM-ASSURED	1	-1	6	188	156	0	0	7	9(6)		1	-1	0	0	5	1	0	0	208	2	0	1			116	116	6	0		3	0	
195	CA-E-LIFE-ASSURED	1	-1	31	188	156	0	0	7	X(31)		6	-1	0	0	6	1	0	0	209	2	0	1			122	122	31	0		3	0	
196	CA-E-PADDING-DATA	1	-1	32348	188	156	0	0	7	X(32348)		6	-1	0	0	7	1	0	0	210	2	0	1			153	153	32348	0		3	0	
197	CA-HOUSE	1	-1	32400	178	156	187	0	5			0	0	0	7	4	1	0	0	211	2	0	1			101	101	32400	0		3	0	
198	CA-H-PROPERTY-TYPE	1	-1	15	197	156	0	0	7	X(15)		6	-1	0	0	0	1	0	0	212	2	0	1			101	101	15	0		3	0	
199	CA-H-BEDROOMS	1	-1	3	197	156	0	0	7	9(3)		1	-1	0	0	1	1	0	0	213	2	0	1			116	116	3	0		3	0	
200	CA-H-VALUE	1	-1	8	197	156	0	0	7	9(8)		1	-1	0	0	2	1	0	0	214	2	0	1			119	119	8	0		3	0	
201	CA-H-HOUSE-NAME	1	-1	20	197	156	0	0	7	X(20)		6	-1	0	0	3	1	0	0	215	2	0	1			127	127	20	0		3	0	
202	CA-H-HOUSE-NUMBER	1	-1	4	197	156	0	0	7	X(4)		6	-1	0	0	4	1	0	0	216	2	0	1			147	147	4	0		3	0	
203	CA-H-POSTCODE	1	-1	8	197	156	0	0	7	X(8)		6	-1	0	0	5	1	0	0	217	2	0	1			151	151	8	0		3	0	
204	CA-H-FILLER	1	-1	32342	197	156	0	0	7	X(32342)		6	-1	0	0	6	1	0	0	218	2	0	1			159	159	32342	0		3	0	
205	CA-MOTOR	1	-1	32400	178	156	187	0	5			0	0	0	10	5	1	0	0	219	2	0	1			101	101	32400	0		3	0	
206	CA-M-MAKE	1	-1	15	205	156	0	0	7	X(15)		6	-1	0	0	0	1	0	0	220	2	0	1			101	101	15	0		3	0	
207	CA-M-MODEL	1	-1	15	205	156	0	0	7	X(15)		6	-1	0	0	1	1	0	0	221	2	0	1			116	116	15	0		3	0	
208	CA-M-VALUE	1	-1	6	205	156	0	0	7	9(6)		1	-1	0	0	2	1	0	0	222	2	0	1			131	131	6	0		3	0	
209	CA-M-REGNUMBER	1	-1	7	205	156	0	0	7	X(7)		6	-1	0	0	3	1	0	0	223	2	0	1			137	137	7	0		3	0	
210	CA-M-COLOUR	1	-1	8	205	156	0	0	7	X(8)		6	-1	0	0	4	1	0	0	224	2	0	1			144	144	8	0		3	0	
211	CA-M-CC	1	-1	4	205	156	0	0	7	9(4)		1	-1	0	0	5	1	0	0	225	2	0	1			152	152	4	0		3	0	
212	CA-M-MANUFACTURED	1	-1	10	205	156	0	0	7	X(10)		6	-1	0	0	6	1	0	0	226	2	0	1			156	156	10	0		3	0	
213	CA-M-PREMIUM	1	-1	6	205	156	0	0	7	9(6)		1	-1	0	0	7	1	0	0	227	2	0	1			166	166	6	0		3	0	
214	CA-M-ACCIDENTS	1	-1	6	205	156	0	0	7	9(6)		1	-1	0	0	8	1	0	0	228	2	0	1			172	172	6	0		3	0	
215	CA-M-FILLER	1	-1	32323	205	156	0	0	7	X(32323)		6	-1	0	0	9	1	0	0	229	2	0	1			178	178	32323	0		3	0	
216	CA-COMMERCIAL	1	-1	32400	178	156	187	0	5			0	0	0	17	6	1	0	0	230	2	0	1			101	101	32400	0		3	0	
217	CA-B-Address	1	-1	255	216	156	0	0	7	X(255)		6	-1	0	0	0	1	0	0	231	2	0	1			101	101	255	0		3	0	
218	CA-B-Postcode	1	-1	8	216	156	0	0	7	X(8)		6	-1	0	0	1	1	0	0	232	2	0	1			356	356	8	0		3	0	
219	CA-B-Latitude	1	-1	11	216	156	0	0	7	X(11)		6	-1	0	0	2	1	0	0	233	2	0	1			364	364	11	0		3	0	
220	CA-B-Longitude	1	-1	11	216	156	0	0	7	X(11)		6	-1	0	0	3	1	0	0	234	2	0	1			375	375	11	0		3	0	
221	CA-B-Customer	1	-1	255	216	156	0	0	7	X(255)		6	-1	0	0	4	1	0	0	235	2	0	1			386	386	255	0		3	0	
222	CA-B-PropType	1	-1	255	216	156	0	0	7	X(255)		6	-1	0	0	5	1	0	0	236	2	0	1			641	641	255	0		3	0	
223	CA-B-FirePeril	1	-1	4	216	156	0	0	7	9(4)		1	-1	0	0	6	1	0	0	237	2	0	1			896	896	4	0		3	0	
224	CA-B-FirePremium	1	-1	8	216	156	0	0	7	9(8)		1	-1	0	0	7	1	0	0	238	2	0	1			900	900	8	0		3	0	
225	CA-B-CrimePeril	1	-1	4	216	156	0	0	7	9(4)		1	-1	0	0	8	1	0	0	239	2	0	1			908	908	4	0		3	0	
226	CA-B-CrimePremium	1	-1	8	216	156	0	0	7	9(8)		1	-1	0	0	9	1	0	0	240	2	0	1			912	912	8	0		3	0	
227	CA-B-FloodPeril	1	-1	4	216	156	0	0	7	9(4)		1	-1	0	0	10	1	0	0	241	2	0	1			920	920	4	0		3	0	
228	CA-B-FloodPremium	1	-1	8	216	156	0	0	7	9(8)		1	-1	0	0	11	1	0	0	242	2	0	1			924	924	8	0		3	0	
229	CA-B-WeatherPeril	1	-1	4	216	156	0	0	7	9(4)		1	-1	0	0	12	1	0	0	243	2	0	1			932	932	4	0		3	0	
230	CA-B-WeatherPremium	1	-1	8	216	156	0	0	7	9(8)		1	-1	0	0	13	1	0	0	244	2	0	1			936	936	8	0		3	0	
231	CA-B-Status	1	-1	4	216	156	0	0	7	9(4)		1	-1	0	0	14	1	0	0	245	2	0	1			944	944	4	0		3	0	
232	CA-B-RejectReason	1	-1	255	216	156	0	0	7	X(255)		6	-1	0	0	15	1	0	0	246	2	0	1			948	948	255	0		3	0	
233	CA-B-FILLER	1	-1	31298	216	156	0	0	7	X(31298)		6	-1	0	0	16	1	0	0	247	2	0	1			1203	1203	31298	0		3	0	
234	CA-CLAIM	1	-1	32400	178	156	187	0	5			0	0	0	7	7	1	0	0	248	2	0	1			101	101	32400	0		3	0	
235	CA-C-Num	1	-1	10	234	156	0	0	7	9(10)		1	-1	0	0	0	1	0	0	249	2	0	1			101	101	10	0		3	0	
236	CA-C-Date	1	-1	10	234	156	0	0	7	X(10)		6	-1	0	0	1	1	0	0	250	2	0	1			111	111	10	0		3	0	
237	CA-C-Paid	1	-1	8	234	156	0	0	7	9(8)		1	-1	0	0	2	1	0	0	251	2	0	1			121	121	8	0		3	0	
238	CA-C-Value	1	-1	8	234	156	0	0	7	9(8)		1	-1	0	0	3	1	0	0	252	2	0	1			129	129	8	0		3	0	
239	CA-C-Cause	1	-1	255	234	156	0	0	7	X(255)		6	-1	0	0	4	1	0	0	253	2	0	1			137	137	255	0		3	0	
240	CA-C-Observations	1	-1	255	234	156	0	0	7	X(255)		6	-1	0	0	5	1	0	0	254	2	0	1			392	392	255	0		3	0	
241	CA-C-FILLER	1	-1	31854	234	156	0	0	7	X(31854)		6	-1	0	0	6	1	0	0	255	2	0	1			647	647	31854	0		3	0	
